 -8.1979407e-001  1.0000000e+001
 -8.1426427e-001  1.2000000e+001
 -8.0858975e-001  1.4000000e+001
 -8.0249706e-001  1.6000000e+001
 -7.9575559e-001  1.8000000e+001
 -7.8820737e-001  2.0000000e+001
 -7.7971841e-001  2.2000000e+001
 -7.7013721e-001  2.4000000e+001
 -7.5959789e-001  2.6000000e+001
 -7.4823883e-001  2.8000000e+001
 -7.3604112e-001  3.0000000e+001
 -7.2295991e-001  3.2000000e+001
 -7.0884282e-001  3.4000000e+001
 -6.9366256e-001  3.6000000e+001
 -6.7750718e-001  3.8000000e+001
 -6.6031340e-001  4.0000000e+001
 -6.4213709e-001  4.2000000e+001
 -6.2315081e-001  4.4000000e+001
 -6.0337340e-001  4.6000000e+001
 -5.8277521e-001  4.8000000e+001
 -5.6129154e-001  5.0000000e+001
 -5.3885929e-001  5.2000000e+001
 -5.1545658e-001  5.4000000e+001
 -4.9107412e-001  5.6000000e+001
 -4.6575407e-001  5.8000000e+001
 -4.3959011e-001  6.0000000e+001
 -4.1264947e-001  6.2000000e+001
 -3.8488426e-001  6.4000000e+001
 -3.5621774e-001  6.6000000e+001
 -3.2662634e-001  6.8000000e+001
 -2.9630002e-001  7.0000000e+001
 -2.6548229e-001  7.2000000e+001
 -2.3433902e-001  7.4000000e+001
 -2.0272396e-001  7.6000000e+001
 -1.7041247e-001  7.8000000e+001
 -1.3717988e-001  8.0000000e+001
 -1.0285696e-001  8.2000000e+001
 -6.7497227e-002  8.4000000e+001
 -3.1210216e-002  8.6000000e+001
  5.8945440e-003  8.8000000e+001
  4.3707525e-002  9.0000000e+001
  8.2139744e-002  9.2000000e+001
  1.2118489e-001  9.4000000e+001
  1.6085745e-001  9.6000000e+001
  2.0117188e-001  9.8000000e+001
  2.4214269e-001  1.0000000e+002
  2.8378088e-001  1.0200000e+002
  3.2608360e-001  1.0400000e+002
  3.6904448e-001  1.0600000e+002
  4.1265717e-001  1.0800000e+002
  4.5691532e-001  1.1000000e+002
  5.0181528e-001  1.1200000e+002
  5.4736431e-001  1.1400000e+002
  5.9357243e-001  1.1600000e+002
  6.4044965e-001  1.1800000e+002
  6.8800596e-001  1.2000000e+002
  7.3624649e-001  1.2200000e+002
  7.8515676e-001  1.2400000e+002
  8.3471731e-001  1.2600000e+002
  8.8490874e-001  1.2800000e+002
  9.3571159e-001  1.3000000e+002
  9.8710742e-001  1.3200000e+002
  1.0390816e+000  1.3400000e+002
  1.0916206e+000  1.3600000e+002
  1.1447107e+000  1.3800000e+002
  1.1983384e+000  1.4000000e+002
  1.2524888e+000  1.4200000e+002
  1.3071425e+000  1.4400000e+002
  1.3622787e+000  1.4600000e+002
  1.4178768e+000  1.4800000e+002
  1.4739161e+000  1.5000000e+002
  1.5303815e+000  1.5200000e+002
  1.5872811e+000  1.5400000e+002
  1.6446283e+000  1.5600000e+002
  1.7024368e+000  1.5800000e+002
  1.7607202e+000  1.6000000e+002
  1.8194909e+000  1.6200000e+002
  1.8787565e+000  1.6400000e+002
  1.9385233e+000  1.6600000e+002
  1.9987978e+000  1.6800000e+002
  2.0595861e+000  1.7000000e+002
  2.1208921e+000  1.7200000e+002
  2.1827094e+000  1.7400000e+002
  2.2450287e+000  1.7600000e+002
  2.3078410e+000  1.7800000e+002
  2.3711372e+000  1.8000000e+002
  2.4349082e+000  1.8200000e+002
  2.4991447e+000  1.8400000e+002
  2.5638377e+000  1.8600000e+002
  2.6289778e+000  1.8800000e+002
  2.6945559e+000  1.9000000e+002
  2.7605622e+000  1.9200000e+002
  2.8269843e+000  1.9400000e+002
  2.8938091e+000  1.9600000e+002
  2.9610238e+000  1.9800000e+002
  3.0286152e+000  2.0000000e+002
  3.0965732e+000  2.0200000e+002
  3.1648985e+000  2.0400000e+002
  3.2335949e+000  2.0600000e+002
  3.3026660e+000  2.0800000e+002
  3.3721155e+000  2.1000000e+002
  3.4419471e+000  2.1200000e+002
  3.5121644e+000  2.1400000e+002
  3.5827704e+000  2.1600000e+002
  3.6537547e+000  2.1800000e+002
  3.7250926e+000  2.2000000e+002
  3.7967592e+000  2.2200000e+002
  3.8687294e+000  2.2400000e+002
  3.9409781e+000  2.2600000e+002
  4.0134803e+000  2.2800000e+002
  4.0862110e+000  2.3000000e+002
  4.1591509e+000  2.3200000e+002
  4.2323053e+000  2.3400000e+002
  4.3056850e+000  2.3600000e+002
  4.3793012e+000  2.3800000e+002
  4.4531650e+000  2.4000000e+002
  4.5272873e+000  2.4200000e+002
  4.6016791e+000  2.4400000e+002
  4.6763517e+000  2.4600000e+002
  4.7513159e+000  2.4800000e+002
  4.8265829e+000  2.5000000e+002
  5.0090536e+000  2.5500000e+002
  5.2017424e+000  2.6000000e+002
  5.3960607e+000  2.6500000e+002
  5.5918707e+000  2.7000000e+002
  5.7889973e+000  2.7500000e+002
  5.9873196e+000  2.8000000e+002
  6.1867774e+000  2.8500000e+002
  6.3873100e+000  2.9000000e+002
  6.5888554e+000  2.9500000e+002
  6.7913499e+000  3.0000000e+002
  6.9947272e+000  3.0500000e+002
  7.1989177e+000  3.1000000e+002
  7.4038477e+000  3.1500000e+002
  7.6094394e+000  3.2000000e+002
  7.8156104e+000  3.2500000e+002
  8.0222742e+000  3.3000000e+002
  8.2293405e+000  3.3500000e+002
  8.4367154e+000  3.4000000e+002
  8.6443028e+000  3.4500000e+002
  8.8520055e+000  3.5000000e+002
  9.0597262e+000  3.5500000e+002
  9.2673692e+000  3.6000000e+002
  9.4748423e+000  3.6500000e+002
  9.6820581e+000  3.7000000e+002
  9.8889359e+000  3.7500000e+002
  1.0095403e+001  3.8000000e+002
  1.0301398e+001  3.8500000e+002
  1.0506868e+001  3.9000000e+002
  1.0711775e+001  3.9500000e+002
  1.0916093e+001  4.0000000e+002
  1.1119808e+001  4.0500000e+002
  1.1322923e+001  4.1000000e+002
  1.1525450e+001  4.1500000e+002
  1.1727417e+001  4.2000000e+002
  1.1928862e+001  4.2500000e+002
  1.2129835e+001  4.3000000e+002
  1.2330393e+001  4.3500000e+002
  1.2530601e+001  4.4000000e+002
  1.2730531e+001  4.4500000e+002
  1.2930255e+001  4.5000000e+002
  1.3129851e+001  4.5500000e+002
  1.3329393e+001  4.6000000e+002
  1.3528956e+001  4.6500000e+002
  1.3728610e+001  4.7000000e+002
  1.3928420e+001  4.7500000e+002
  1.4128447e+001  4.8000000e+002
  1.4328744e+001  4.8500000e+002
  1.4529357e+001  4.9000000e+002
  1.4730325e+001  4.9500000e+002
  1.4931678e+001  5.0000000e+002
  1.5133441e+001  5.0500000e+002
  1.5335630e+001  5.1000000e+002
  1.5538254e+001  5.1500000e+002
  1.5741319e+001  5.2000000e+002
  1.5944823e+001  5.2500000e+002
  1.6148759e+001  5.3000000e+002
  1.6353120e+001  5.3500000e+002
  1.6557893e+001  5.4000000e+002
  1.6763062e+001  5.4500000e+002
  1.6968612e+001  5.5000000e+002
  1.7174527e+001  5.5500000e+002
  1.7380787e+001  5.6000000e+002
  1.7587378e+001  5.6500000e+002
  1.7794281e+001  5.7000000e+002
  1.8001480e+001  5.7500000e+002
  1.8208960e+001  5.8000000e+002
  1.8416707e+001  5.8500000e+002
  1.8624709e+001  5.9000000e+002
  1.8832952e+001  5.9500000e+002
  1.9041428e+001  6.0000000e+002
  1.9250125e+001  6.0500000e+002
  1.9459035e+001  6.1000000e+002
  1.9668152e+001  6.1500000e+002
  1.9877467e+001  6.2000000e+002
  2.0086975e+001  6.2500000e+002
  2.0296671e+001  6.3000000e+002
  2.0506549e+001  6.3500000e+002
  2.0716605e+001  6.4000000e+002
  2.0926835e+001  6.4500000e+002
  2.1137234e+001  6.5000000e+002
  2.1347799e+001  6.5500000e+002
  2.1558525e+001  6.6000000e+002
  2.1769409e+001  6.6500000e+002
  2.1980447e+001  6.7000000e+002
  2.2191635e+001  6.7500000e+002
  2.2402968e+001  6.8000000e+002
  2.2614444e+001  6.8500000e+002
  2.2826056e+001  6.9000000e+002
  2.3037802e+001  6.9500000e+002
  2.3249676e+001  7.0000000e+002
  2.3461673e+001  7.0500000e+002
  2.3673789e+001  7.1000000e+002
  2.3886018e+001  7.1500000e+002
  2.4098355e+001  7.2000000e+002
  2.4310795e+001  7.2500000e+002
  2.4523333e+001  7.3000000e+002
  2.4735961e+001  7.3500000e+002
  2.4948675e+001  7.4000000e+002
  2.5161468e+001  7.4500000e+002
  2.5374335e+001  7.5000000e+002
  2.5587269e+001  7.5500000e+002
  2.5800263e+001  7.6000000e+002
  2.6013312e+001  7.6500000e+002
  2.6226408e+001  7.7000000e+002
  2.6439546e+001  7.7500000e+002
  2.6652718e+001  7.8000000e+002
  2.6865918e+001  7.8500000e+002
  2.7079139e+001  7.9000000e+002
  2.7292374e+001  7.9500000e+002
  2.7505616e+001  8.0000000e+002
