 -8.2048127e-001  1.2000000e+001
 -8.1366072e-001  1.4000000e+001
 -8.0288548e-001  1.6000000e+001
 -7.9609401e-001  1.8000000e+001
 -7.8827580e-001  2.0000000e+001
 -7.8031876e-001  2.2000000e+001
 -7.7063142e-001  2.4000000e+001
 -7.6002625e-001  2.6000000e+001
 -7.4894901e-001  2.8000000e+001
 -7.3683130e-001  3.0000000e+001
 -7.2378187e-001  3.2000000e+001
 -7.0984040e-001  3.4000000e+001
 -6.9490511e-001  3.6000000e+001
 -6.7885300e-001  3.8000000e+001
 -6.6171779e-001  4.0000000e+001
 -6.4361511e-001  4.2000000e+001
 -6.2468008e-001  4.4000000e+001
 -6.0495577e-001  4.6000000e+001
 -5.8445098e-001  4.8000000e+001
 -5.6313286e-001  5.0000000e+001
 -5.4094100e-001  5.2000000e+001
 -5.1774609e-001  5.4000000e+001
 -4.9341010e-001  5.6000000e+001
 -4.6799017e-001  5.8000000e+001
 -4.4173790e-001  6.0000000e+001
 -4.1484446e-001  6.2000000e+001
 -3.8722474e-001  6.4000000e+001
 -3.5872436e-001  6.6000000e+001
 -3.2923796e-001  6.8000000e+001
 -2.9885662e-001  7.0000000e+001
 -2.6772060e-001  7.2000000e+001
 -2.3594167e-001  7.4000000e+001
 -2.0351753e-001  7.6000000e+001
 -1.7041736e-001  7.8000000e+001
 -1.3661032e-001  8.0000000e+001
 -1.0206903e-001  8.2000000e+001
 -6.6779890e-002  8.4000000e+001
 -3.0732744e-002  8.6000000e+001
  6.0825632e-003  8.8000000e+001
  4.3676186e-002  9.0000000e+001
  8.2050767e-002  9.2000000e+001
  1.2117868e-001  9.4000000e+001
  1.6102465e-001  9.6000000e+001
  2.0155345e-001  9.8000000e+001
  2.4272980e-001  1.0000000e+002
  2.8452711e-001  1.0200000e+002
  3.2695351e-001  1.0400000e+002
  3.7002584e-001  1.0600000e+002
  4.1376094e-001  1.0800000e+002
  4.5817564e-001  1.1000000e+002
  5.0328151e-001  1.1200000e+002
  5.4906899e-001  1.1400000e+002
  5.9552324e-001  1.1600000e+002
  6.4262942e-001  1.1800000e+002
  6.9037266e-001  1.2000000e+002
  7.3874025e-001  1.2200000e+002
  7.8772788e-001  1.2400000e+002
  8.3733342e-001  1.2600000e+002
  8.8755470e-001  1.2800000e+002
  9.3838957e-001  1.3000000e+002
  9.8983354e-001  1.3200000e+002
  1.0418728e+000  1.3400000e+002
  1.0944913e+000  1.3600000e+002
  1.1476727e+000  1.3800000e+002
  1.2014010e+000  1.4000000e+002
  1.2556599e+000  1.4200000e+002
  1.3104330e+000  1.4400000e+002
  1.3657035e+000  1.4600000e+002
  1.4214550e+000  1.4800000e+002
  1.4776708e+000  1.5000000e+002
  1.5343379e+000  1.5200000e+002
  1.5914578e+000  1.5400000e+002
  1.6490359e+000  1.5600000e+002
  1.7070772e+000  1.5800000e+002
  1.7655871e+000  1.6000000e+002
  1.8245719e+000  1.6200000e+002
  1.8840421e+000  1.6400000e+002
  1.9440095e+000  1.6600000e+002
  2.0044859e+000  1.6800000e+002
  2.0654831e+000  1.7000000e+002
  2.1270107e+000  1.7200000e+002
  2.1890696e+000  1.7400000e+002
  2.2516590e+000  1.7600000e+002
  2.3147775e+000  1.7800000e+002
  2.3784243e+000  1.8000000e+002
  2.4425969e+000  1.8200000e+002
  2.5072879e+000  1.8400000e+002
  2.5724888e+000  1.8600000e+002
  2.6381909e+000  1.8800000e+002
  2.7043856e+000  1.9000000e+002
  2.7710618e+000  1.9200000e+002
  2.8381977e+000  1.9400000e+002
  2.9057693e+000  1.9600000e+002
  2.9737525e+000  1.9800000e+002
  3.0421230e+000  2.0000000e+002
  3.1108600e+000  2.0200000e+002
  3.1799559e+000  2.0400000e+002
  3.2494063e+000  2.0600000e+002
  3.3192070e+000  2.0800000e+002
  3.3893537e+000  2.1000000e+002
  3.4598420e+000  2.1200000e+002
  3.5306677e+000  2.1400000e+002
  3.6018264e+000  2.1600000e+002
  3.6733115e+000  2.1800000e+002
  3.7451142e+000  2.2000000e+002
  3.8172258e+000  2.2200000e+002
  3.8896373e+000  2.2400000e+002
  3.9623400e+000  2.2600000e+002
  4.0353250e+000  2.2800000e+002
  4.1085835e+000  2.3000000e+002
  4.1821086e+000  2.3200000e+002
  4.2559013e+000  2.3400000e+002
  4.3299646e+000  2.3600000e+002
  4.4043015e+000  2.3800000e+002
  4.4789150e+000  2.4000000e+002
  4.5538082e+000  2.4200000e+002
  4.6289840e+000  2.4400000e+002
  4.7044455e+000  2.4600000e+002
  4.7801956e+000  2.4800000e+002
  4.8562374e+000  2.5000000e+002
  4.9421544e+000  2.5500000e+002
  5.1348432e+000  2.6000000e+002
  5.3291615e+000  2.6500000e+002
  5.5249715e+000  2.7000000e+002
  5.7220981e+000  2.7500000e+002
  5.9204203e+000  2.8000000e+002
  6.1198782e+000  2.8500000e+002
  6.3204108e+000  2.9000000e+002
  6.5219561e+000  2.9500000e+002
  6.7244507e+000  3.0000000e+002
  6.9278280e+000  3.0500000e+002
  7.1320185e+000  3.1000000e+002
  7.3369485e+000  3.1500000e+002
  7.5425401e+000  3.2000000e+002
  7.7487112e+000  3.2500000e+002
  7.9553750e+000  3.3000000e+002
  8.1624413e+000  3.3500000e+002
  8.3698162e+000  3.4000000e+002
  8.5774036e+000  3.4500000e+002
  8.7851063e+000  3.5000000e+002
  8.9928270e+000  3.5500000e+002
  9.2004700e+000  3.6000000e+002
  9.4079431e+000  3.6500000e+002
  9.6151589e+000  3.7000000e+002
  9.8220367e+000  3.7500000e+002
  1.0028504e+001  3.8000000e+002
  1.0234499e+001  3.8500000e+002
  1.0439969e+001  3.9000000e+002
  1.0644876e+001  3.9500000e+002
  1.0849194e+001  4.0000000e+002
  1.1052909e+001  4.0500000e+002
  1.1256024e+001  4.1000000e+002
  1.1458551e+001  4.1500000e+002
  1.1660518e+001  4.2000000e+002
  1.1861963e+001  4.2500000e+002
  1.2062936e+001  4.3000000e+002
  1.2263494e+001  4.3500000e+002
  1.2463702e+001  4.4000000e+002
  1.2663631e+001  4.4500000e+002
  1.2863356e+001  4.5000000e+002
  1.3062952e+001  4.5500000e+002
  1.3262494e+001  4.6000000e+002
  1.3462057e+001  4.6500000e+002
  1.3661711e+001  4.7000000e+002
  1.3861521e+001  4.7500000e+002
  1.4061548e+001  4.8000000e+002
  1.4261845e+001  4.8500000e+002
  1.4462458e+001  4.9000000e+002
  1.4663426e+001  4.9500000e+002
  1.4864779e+001  5.0000000e+002
  1.5066542e+001  5.0500000e+002
  1.5268730e+001  5.1000000e+002
  1.5471355e+001  5.1500000e+002
  1.5674420e+001  5.2000000e+002
  1.5877923e+001  5.2500000e+002
  1.6081860e+001  5.3000000e+002
  1.6286221e+001  5.3500000e+002
  1.6490993e+001  5.4000000e+002
  1.6696163e+001  5.4500000e+002
  1.6901713e+001  5.5000000e+002
  1.7107627e+001  5.5500000e+002
  1.7313888e+001  5.6000000e+002
  1.7520479e+001  5.6500000e+002
  1.7727381e+001  5.7000000e+002
  1.7934581e+001  5.7500000e+002
  1.8142061e+001  5.8000000e+002
  1.8349808e+001  5.8500000e+002
  1.8557810e+001  5.9000000e+002
  1.8766053e+001  5.9500000e+002
  1.8974528e+001  6.0000000e+002
  1.9183226e+001  6.0500000e+002
  1.9392136e+001  6.1000000e+002
  1.9601252e+001  6.1500000e+002
  1.9810568e+001  6.2000000e+002
  2.0020076e+001  6.2500000e+002
  2.0229772e+001  6.3000000e+002
  2.0439650e+001  6.3500000e+002
  2.0649706e+001  6.4000000e+002
  2.0859936e+001  6.4500000e+002
  2.1070335e+001  6.5000000e+002
  2.1280900e+001  6.5500000e+002
  2.1491626e+001  6.6000000e+002
  2.1702510e+001  6.6500000e+002
  2.1913548e+001  6.7000000e+002
  2.2124735e+001  6.7500000e+002
  2.2336069e+001  6.8000000e+002
  2.2547544e+001  6.8500000e+002
  2.2759157e+001  6.9000000e+002
  2.2970903e+001  6.9500000e+002
  2.3182776e+001  7.0000000e+002
  2.3394774e+001  7.0500000e+002
  2.3606890e+001  7.1000000e+002
  2.3819119e+001  7.1500000e+002
  2.4031456e+001  7.2000000e+002
  2.4243896e+001  7.2500000e+002
  2.4456433e+001  7.3000000e+002
  2.4669062e+001  7.3500000e+002
  2.4881776e+001  7.4000000e+002
  2.5094569e+001  7.4500000e+002
  2.5307436e+001  7.5000000e+002
  2.5520369e+001  7.5500000e+002
  2.5733364e+001  7.6000000e+002
  2.5946413e+001  7.6500000e+002
  2.6159509e+001  7.7000000e+002
  2.6372647e+001  7.7500000e+002
  2.6585819e+001  7.8000000e+002
  2.6799019e+001  7.8500000e+002
  2.7012239e+001  7.9000000e+002
  2.7225474e+001  7.9500000e+002
  2.7438716e+001  8.0000000e+002
