 -8.1534158e-001  1.0000000e+001
 -8.0903436e-001  1.2000000e+001
 -8.0271421e-001  1.4000000e+001
 -7.9643623e-001  1.6000000e+001
 -7.8968650e-001  1.8000000e+001
 -7.8214745e-001  2.0000000e+001
 -7.7375090e-001  2.2000000e+001
 -7.6444302e-001  2.4000000e+001
 -7.5421778e-001  2.6000000e+001
 -7.4307833e-001  2.8000000e+001
 -7.3093006e-001  3.0000000e+001
 -7.1783536e-001  3.2000000e+001
 -7.0390798e-001  3.4000000e+001
 -6.8909041e-001  3.6000000e+001
 -6.7319403e-001  3.8000000e+001
 -6.5619555e-001  4.0000000e+001
 -6.3823616e-001  4.2000000e+001
 -6.1952416e-001  4.4000000e+001
 -6.0004695e-001  4.6000000e+001
 -5.7973124e-001  4.8000000e+001
 -5.5848740e-001  5.0000000e+001
 -5.3624469e-001  5.2000000e+001
 -5.1302472e-001  5.4000000e+001
 -4.8887226e-001  5.6000000e+001
 -4.6383358e-001  5.8000000e+001
 -4.3795642e-001  6.0000000e+001
 -4.1127409e-001  6.2000000e+001
 -3.8376181e-001  6.4000000e+001
 -3.5538025e-001  6.6000000e+001
 -3.2610875e-001  6.8000000e+001
 -2.9600140e-001  7.0000000e+001
 -2.6513099e-001  7.2000000e+001
 -2.3355198e-001  7.4000000e+001
 -2.0124556e-001  7.6000000e+001
 -1.6817463e-001  7.8000000e+001
 -1.3430208e-001  8.0000000e+001
 -9.9602900e-002  8.2000000e+001
 -6.4100500e-002  8.4000000e+001
 -2.7830393e-002  8.6000000e+001
  9.1719074e-003  8.8000000e+001
  4.6870888e-002  9.0000000e+001
  8.5235916e-002  9.2000000e+001
  1.2425595e-001  9.4000000e+001
  1.6392486e-001  9.6000000e+001
  2.0423653e-001  9.8000000e+001
  2.4518482e-001  1.0000000e+002
  2.8676576e-001  1.0200000e+002
  3.2898400e-001  1.0400000e+002
  3.7184633e-001  1.0600000e+002
  4.1535953e-001  1.0800000e+002
  4.5953040e-001  1.1000000e+002
  5.0436564e-001  1.1200000e+002
  5.4987153e-001  1.1400000e+002
  5.9605430e-001  1.1600000e+002
  6.4292013e-001  1.1800000e+002
  6.9047523e-001  1.2000000e+002
  7.3872023e-001  1.2200000e+002
  7.8763352e-001  1.2400000e+002
  8.3718789e-001  1.2600000e+002
  8.8735616e-001  1.2800000e+002
  9.3811114e-001  1.3000000e+002
  9.8943067e-001  1.3200000e+002
  1.0413128e+000  1.3400000e+002
  1.0937605e+000  1.3600000e+002
  1.1467768e+000  1.3800000e+002
  1.2003648e+000  1.4000000e+002
  1.2545202e+000  1.4200000e+002
  1.3092099e+000  1.4400000e+002
  1.3643935e+000  1.4600000e+002
  1.4200304e+000  1.4800000e+002
  1.4760803e+000  1.5000000e+002
  1.5325144e+000  1.5200000e+002
  1.5893520e+000  1.5400000e+002
  1.6466238e+000  1.5600000e+002
  1.7043607e+000  1.5800000e+002
  1.7625937e+000  1.6000000e+002
  1.8213482e+000  1.6200000e+002
  1.8806275e+000  1.6400000e+002
  1.9404297e+000  1.6600000e+002
  2.0007527e+000  1.6800000e+002
  2.0615944e+000  1.7000000e+002
  2.1229529e+000  1.7200000e+002
  2.1848275e+000  1.7400000e+002
  2.2472177e+000  1.7600000e+002
  2.3101230e+000  1.7800000e+002
  2.3735430e+000  1.8000000e+002
  2.4374755e+000  1.8200000e+002
  2.5019125e+000  1.8400000e+002
  2.5668443e+000  1.8600000e+002
  2.6322612e+000  1.8800000e+002
  2.6981536e+000  1.9000000e+002
  2.7645110e+000  1.9200000e+002
  2.8313197e+000  1.9400000e+002
  2.8985653e+000  1.9600000e+002
  2.9662332e+000  1.9800000e+002
  3.0343091e+000  2.0000000e+002
  3.1027787e+000  2.0200000e+002
  3.1716294e+000  2.0400000e+002
  3.2408490e+000  2.0600000e+002
  3.3104250e+000  2.0800000e+002
  3.3803451e+000  2.1000000e+002
  3.4505972e+000  2.1200000e+002
  3.5211688e+000  2.1400000e+002
  3.5920478e+000  2.1600000e+002
  3.6632259e+000  2.1800000e+002
  3.7346987e+000  2.2000000e+002
  3.8064618e+000  2.2200000e+002
  3.8785109e+000  2.2400000e+002
  3.9508417e+000  2.2600000e+002
  4.0234499e+000  2.2800000e+002
  4.0963312e+000  2.3000000e+002
  4.1694831e+000  2.3200000e+002
  4.2429095e+000  2.3400000e+002
  4.3166164e+000  2.3600000e+002
  4.3906095e+000  2.3800000e+002
  4.4648947e+000  2.4000000e+002
  4.5394779e+000  2.4200000e+002
  4.6143648e+000  2.4400000e+002
  4.6895613e+000  2.4600000e+002
  4.7650732e+000  2.4800000e+002
  4.8409064e+000  2.5000000e+002
  4.9449544e+000  2.5500000e+002
  5.1376432e+000  2.6000000e+002
  5.3319615e+000  2.6500000e+002
  5.5277715e+000  2.7000000e+002
  5.7248981e+000  2.7500000e+002
  5.9232203e+000  2.8000000e+002
  6.1226782e+000  2.8500000e+002
  6.3232108e+000  2.9000000e+002
  6.5247561e+000  2.9500000e+002
  6.7272507e+000  3.0000000e+002
  6.9306280e+000  3.0500000e+002
  7.1348185e+000  3.1000000e+002
  7.3397485e+000  3.1500000e+002
  7.5453401e+000  3.2000000e+002
  7.7515112e+000  3.2500000e+002
  7.9581750e+000  3.3000000e+002
  8.1652413e+000  3.3500000e+002
  8.3726162e+000  3.4000000e+002
  8.5802036e+000  3.4500000e+002
  8.7879063e+000  3.5000000e+002
  8.9956270e+000  3.5500000e+002
  9.2032700e+000  3.6000000e+002
  9.4107431e+000  3.6500000e+002
  9.6179589e+000  3.7000000e+002
  9.8248367e+000  3.7500000e+002
  1.0031304e+001  3.8000000e+002
  1.0237299e+001  3.8500000e+002
  1.0442769e+001  3.9000000e+002
  1.0647676e+001  3.9500000e+002
  1.0851994e+001  4.0000000e+002
  1.1055709e+001  4.0500000e+002
  1.1258824e+001  4.1000000e+002
  1.1461351e+001  4.1500000e+002
  1.1663318e+001  4.2000000e+002
  1.1864763e+001  4.2500000e+002
  1.2065736e+001  4.3000000e+002
  1.2266294e+001  4.3500000e+002
  1.2466502e+001  4.4000000e+002
  1.2666431e+001  4.4500000e+002
  1.2866156e+001  4.5000000e+002
  1.3065752e+001  4.5500000e+002
  1.3265294e+001  4.6000000e+002
  1.3464857e+001  4.6500000e+002
  1.3664511e+001  4.7000000e+002
  1.3864321e+001  4.7500000e+002
  1.4064348e+001  4.8000000e+002
  1.4264645e+001  4.8500000e+002
  1.4465258e+001  4.9000000e+002
  1.4666226e+001  4.9500000e+002
  1.4867579e+001  5.0000000e+002
  1.5069342e+001  5.0500000e+002
  1.5271530e+001  5.1000000e+002
  1.5474155e+001  5.1500000e+002
  1.5677220e+001  5.2000000e+002
  1.5880723e+001  5.2500000e+002
  1.6084660e+001  5.3000000e+002
  1.6289021e+001  5.3500000e+002
  1.6493793e+001  5.4000000e+002
  1.6698963e+001  5.4500000e+002
  1.6904513e+001  5.5000000e+002
  1.7110427e+001  5.5500000e+002
  1.7316688e+001  5.6000000e+002
  1.7523279e+001  5.6500000e+002
  1.7730181e+001  5.7000000e+002
  1.7937381e+001  5.7500000e+002
  1.8144861e+001  5.8000000e+002
  1.8352608e+001  5.8500000e+002
  1.8560610e+001  5.9000000e+002
  1.8768853e+001  5.9500000e+002
  1.8977328e+001  6.0000000e+002
  1.9186026e+001  6.0500000e+002
  1.9394936e+001  6.1000000e+002
  1.9604052e+001  6.1500000e+002
  1.9813368e+001  6.2000000e+002
  2.0022876e+001  6.2500000e+002
  2.0232572e+001  6.3000000e+002
  2.0442450e+001  6.3500000e+002
  2.0652506e+001  6.4000000e+002
  2.0862736e+001  6.4500000e+002
  2.1073135e+001  6.5000000e+002
  2.1283700e+001  6.5500000e+002
  2.1494426e+001  6.6000000e+002
  2.1705310e+001  6.6500000e+002
  2.1916348e+001  6.7000000e+002
  2.2127535e+001  6.7500000e+002
  2.2338869e+001  6.8000000e+002
  2.2550344e+001  6.8500000e+002
  2.2761957e+001  6.9000000e+002
  2.2973703e+001  6.9500000e+002
  2.3185576e+001  7.0000000e+002
  2.3397574e+001  7.0500000e+002
  2.3609690e+001  7.1000000e+002
  2.3821919e+001  7.1500000e+002
  2.4034256e+001  7.2000000e+002
  2.4246696e+001  7.2500000e+002
  2.4459233e+001  7.3000000e+002
  2.4671862e+001  7.3500000e+002
  2.4884576e+001  7.4000000e+002
  2.5097369e+001  7.4500000e+002
  2.5310236e+001  7.5000000e+002
  2.5523169e+001  7.5500000e+002
  2.5736164e+001  7.6000000e+002
  2.5949213e+001  7.6500000e+002
  2.6162309e+001  7.7000000e+002
  2.6375447e+001  7.7500000e+002
  2.6588619e+001  7.8000000e+002
  2.6801819e+001  7.8500000e+002
  2.7015039e+001  7.9000000e+002
  2.7228274e+001  7.9500000e+002
  2.7441516e+001  8.0000000e+002
